M 0 1.1500822883877341862
A 1 0 -3.1924800000000002065
A 2 0 -0.37259799999999998477
A 3 0 0.64322900000000005072
A 4 0 1.0200800000000000978
A 5 0 2.0112999999999998657
A 6 0 0.45929399999999998006
A 7 0 -1.3162300000000000111
A 8 0 1.56245999999999996
A 9 0 0.069497500000000003717
A 10 0 0.97108099999999997198
A 11 0 -0.75021800000000005149
A 12 0 -1.6144400000000000972
A 13 0 0.011181699999999999279
A 14 0 -0.50481500000000001371
A 15 0 -0.01465069999999999914
A 16 0 1.0094700000000000895
A 17 0 1.7464299999999999269
A 18 0 1.5266500000000000625
A 19 0 0.0052183899999999998343
A 20 0 0.38154300000000002102
A 21 0 0.77791999999999994486
M 1 -0.53019756874532109059
A 0 1 -0.91889044661145502513
A 2 1 -0.3860992573734651212
A 3 1 0.23537601691656029335
A 4 1 -1.0571317667794131179
A 5 1 -1.7773069552696194595
A 6 1 0.89129913121403836485
A 7 1 1.5164611725433956302
A 8 1 -2.2278905672125342008
A 9 1 0.052325411186620401915
A 10 1 -1.5001090537858983165
A 11 1 0.43415615307595256667
A 12 1 1.1084084926273973792
A 13 1 -0.011773117306875306026
A 14 1 -0.12507731919383829888
A 15 1 0.51491838826617042368
A 16 1 0.016442660859134372586
A 17 1 -2.3499758426756436336
A 18 1 -0.81956110031937778881
A 19 1 0.35157087128230724016
A 20 1 0.60903178232852561713
A 21 1 -1.3570302562279830116
M 2 -0.76617007074835041802
A 0 2 0.20466339172263470214
A 1 2 -0.80104137171862821454
A 3 2 -0.052277595159182371765
A 4 2 1.7544397785465997153
A 5 2 0.49609777087931972162
A 6 2 -0.05714900729508731736
A 7 2 -1.5228857867909852963
A 8 2 2.2806320970929485625
A 9 2 0.14620880125174329223
A 10 2 0.20969026849701632997
A 11 2 -0.16048878985231698757
A 12 2 -0.78941716322160870867
A 13 2 -0.30436026700304663617
A 14 2 0.25702776265710902681
A 15 2 -0.34128496404964719924
A 16 2 -0.38976253730814713894
A 17 2 1.3454657153281393001
A 18 2 -0.15433870161936191767
A 19 2 -0.27481247607714920367
A 20 2 -1.0526828449915746067
A 21 2 0.62480802189617712372
M 3 0.92410690148593688242
A 0 3 0.40289706193385771416
A 1 3 -0.54175491976619460921
A 2 3 0.092856449592540038496
A 4 3 0.38374598031508327933
A 5 3 -0.18334648228571379103
A 6 3 -1.0779597562884613016
A 7 3 0.35633022730682673007
A 8 3 0.3039181714806699075
A 9 3 0.39258180971684225602
A 10 3 1.1696606536477960336
A 11 3 0.6094445465457049016
A 12 3 -0.43785715493909505014
A 13 3 1.0083710528283926777
A 14 3 0.020441931659102186014
A 15 3 -0.10083783369915938488
A 16 3 -0.21348928367308928067
A 17 3 1.4722804488651681787
A 18 3 -0.15735489742846489603
A 19 3 -0.59732867738222050757
A 20 3 -0.84643407829148531452
A 21 3 -0.32747144839297037677
M 4 0.327776882055790586
A 0 4 0.23104335038045109574
A 1 4 -1.5375690883893917693
A 2 4 -1.3521704366276463549
A 3 4 -0.69366714881148738847
A 5 4 1.1730909845617474296
A 6 4 -3.6603922160601025659
A 7 4 -0.23650993605812881126
A 8 4 -0.71996153195883016984
A 9 4 0.41064573013730315543
A 10 4 1.6738664099468123503
A 11 4 0.75213239381046204102
A 12 4 -0.39742119346828275184
A 13 4 1.1543268287957295648
A 14 4 0.82447844361062649909
A 15 4 -1.2617503437397705746
A 16 4 -1.3338920886353051731
A 17 4 1.7632107268908867592
A 18 4 -0.49718238568857231474
A 19 4 -1.1185955929588995428
A 20 4 -0.92851486528129434372
A 21 4 2.059778929907035927
M 5 0.77074941852117262453
A 0 5 -0.21668735782283465863
A 1 5 0.68666802094944978663
A 2 5 -1.4820206536270155162
A 3 5 -0.88432495155960810784
A 4 5 -0.43544108758219240984
A 6 5 0.67944701696623432952
A 7 5 1.6214158342468405483
A 8 5 -1.8238997873890454571
A 9 5 -0.49181530314425431216
A 10 5 0.24850024427795336379
A 11 5 -2.8554573230814761509
A 12 5 1.6425195323705923389
A 13 5 -0.45138591903157287977
A 14 5 0.78878129663474738642
A 15 5 2.849171507211909482
A 16 5 1.5626819632845512231
A 17 5 -2.5255907648231126217
A 18 5 -0.0064376229107242222138
A 19 5 0.91632864074163289381
A 20 5 3.4664234047187449939
A 21 5 -1.0105994387024805903
M 6 1.2357147197171307607
A 0 6 0.65442972784873809644
A 1 6 -0.46156293220820177048
A 2 6 -0.596844964545826695
A 3 6 -0.39094081323046681042
A 4 6 -0.051030157240501861082
A 5 6 1.2345860201281930735
A 7 6 0.72466538392363810672
A 8 6 1.0058823521923834221
A 9 6 0.62347601269870756013
A 10 6 1.9779897862059920843
A 11 6 -1.4315319934243482258
A 12 6 0.47818771304422402757
A 13 6 0.29889048167572707104
A 14 6 0.69655759903891389939
A 15 6 0.70968537863305503066
A 16 6 -0.37631957243518843192
A 17 6 0.87140929958883273088
A 18 6 -0.011678407805451856277
A 19 6 0.27909569845238180186
A 20 6 1.6741122513040611608
A 21 6 1.2834884512981510341
M 7 2.7262884833645464333
A 0 7 -1.3421155115399456825
A 1 7 0.95280588051729875332
A 2 7 3.7369561482935003127
A 3 7 4.141698391545728164
A 4 7 1.1049223504806022778
A 5 7 -4.9404058153328325176
A 6 7 -2.6733861167933263836
A 8 7 -2.5807812134453227415
A 9 7 1.0576426031234522629
A 10 7 -4.8020386552892331267
A 11 7 9.3642443691334449341
A 12 7 -3.8154000994617538467
A 13 7 2.0878282756671859843
A 14 7 -2.7514381096767785984
A 15 7 -6.7238972229759790267
A 16 7 -1.8401697811309056796
A 17 7 1.3942315515340353294
A 18 7 -0.45964236149083065319
A 19 7 -1.4218124192841405939
A 20 7 -7.8691254157433387917
A 21 7 -2.8757223774845090958
M 8 -0.2388088239864322726
A 0 8 2.9639579967799800642
A 1 8 -1.8406874575936242877
A 2 8 -7.5346895037498562431
A 3 8 -7.396787769823533587
A 4 8 -2.5957441152429145959
A 5 8 9.537666688466405418
A 6 8 5.2868502964053947224
A 7 8 -2.4337753908298433991
A 9 8 -2.4227504169497144915
A 10 8 9.8287296382761688562
A 11 8 -17.673521150557171211
A 12 8 8.7806834804481379564
A 13 8 -5.244972122353201982
A 14 8 6.0008874906079929801
A 15 8 10.400298911828510739
A 16 8 2.2492631424736941881
A 17 8 -3.1904104413022285058
A 18 8 0.98412107429925299584
A 19 8 1.7926485526974622609
A 20 8 13.099649466739162307
A 21 8 6.7031842542421493647
M 9 2.7789029860136276184
A 0 9 -0.89480961885637766429
A 1 9 0.40893184167433505039
A 2 9 1.1055187401081081333
A 3 9 -0.14228639648350238645
A 4 9 0.45127908389567439329
A 5 9 -1.8181007879893762436
A 6 9 -1.1644983124488454962
A 7 9 0.74219606585643882468
A 8 9 -1.1747023658389770251
A 10 9 -2.2600890242053441881
A 11 9 1.9769359793844500928
A 12 9 -2.235235626425367883
A 13 9 0.79327698667030421831
A 14 9 -1.2852803497615061801
A 15 9 1.1366766856611310033
A 16 9 1.298840046081381594
A 17 9 0.77800066915707155601
A 18 9 0.055276035347937790831
A 19 9 -0.15293706645178839487
A 20 9 -0.64723082412647592321
A 21 9 -1.4863355999566296717
M 10 -0.047416991339046983545
A 0 10 9.2170690899407041741
A 1 10 -2.9140636869445177837
A 2 10 -11.326590475042355166
A 3 10 -0.16821790307401118802
A 4 10 -5.5402131388512554366
A 5 10 17.529581906751683817
A 6 10 12.332905668255300213
A 7 10 -6.7376329607789466891
A 8 10 10.911497752798227978
A 9 10 -6.3433594456936734929
A 11 10 -21.647261006002938899
A 12 10 22.955627340410678983
A 13 10 -9.4165545172399696128
A 14 10 12.042337737738762371
A 15 10 -9.4962446331021581614
A 16 10 -10.735198206691968892
A 17 10 -7.669713161236544785
A 18 10 -0.11774691877764836834
A 19 10 -1.2130348581911314376
A 20 10 6.9920824258704161736
A 21 10 17.142907885496420306
M 11 -0.20317174275970606434
A 0 11 -2.2150759849442831495
A 1 11 -0.62570132273574152748
A 2 11 -0.22988610712837598271
A 3 11 -1.5989695693843728463
A 4 11 0.16860519840397181213
A 5 11 -4.3621295070620362822
A 6 11 -4.0042605352668694252
A 7 11 1.0630806862928565693
A 8 11 -1.966582812487423837
A 9 11 2.7227590339643032991
A 10 11 -1.9755652865745163549
A 12 11 -4.4537709346726472859
A 13 11 -1.7605443508505196348
A 14 11 1.0098981272009304178
A 15 11 1.1912716072020899105
A 16 11 0.19609202248105006561
A 17 11 2.3098351000248591447
A 18 11 0.90004549865682115239
A 19 11 0.005633937821110990285
A 20 11 -3.9490082571564144587
A 21 11 -1.664656285622996279
M 12 -1.4089643381196546024
A 0 12 0.14824023974494138223
A 1 12 0.32180615459020917024
A 2 12 0.68764266302387144769
A 3 12 0.7186473573345213417
A 4 12 -0.26970742378897960556
A 5 12 0.51330069341825135254
A 6 12 0.85864949444788085664
A 7 12 -0.059233669398324195754
A 8 12 0.12449782962871247527
A 9 12 0.48260901701906222527
A 10 12 0.63361309552813604995
A 11 12 -0.47893808953920158356
A 13 12 0.80385223777092917885
A 14 12 -0.93419496546136637782
A 15 12 -1.7168238442966834434
A 16 12 -0.43160578898112400559
A 17 12 -0.21458421516793868555
A 18 12 -0.0056503465993873458473
A 19 12 -0.58132779897435227223
A 20 12 -0.53315459227404327081
A 21 12 0.28884690482046015969
M 13 -22.136047970791022266
A 0 13 -0.47219211142052347485
A 1 13 -0.22242005909259385255
A 2 13 0.19227461231710629708
A 3 13 -0.43662616429838396748
A 4 13 -0.21359215066259756854
A 5 13 -0.340929276954998417
A 6 13 -0.42860704749221884002
A 7 13 0.6509184782821872961
A 8 13 0.27677855922623978424
A 9 13 0.30827456899696326076
A 10 13 0.075015154421792129558
A 11 13 0.05983736988411539337
A 12 13 0.39312765509828456745
A 14 13 -0.069220218791329501951
A 15 13 -0.33935085044803242615
A 16 13 0.32108040854643243867
A 17 13 -0.4228213761513887059
A 18 13 0.49633306416217498613
A 19 13 0.6972341944646381906
A 20 13 0.34359390041557069662
A 21 13 0.56860747586301163548
M 14 16.957146874566433326
A 0 14 -0.50030684692504845401
A 1 14 0.54910282764596429761
A 2 14 0.90132983190300008935
A 3 14 -0.57802813996121771289
A 4 14 0.34345092588743181272
A 5 14 -0.91613970260338051244
A 6 14 -0.62735847541034617247
A 7 14 0.40668222080915999994
A 8 14 -0.029980051628477392273
A 9 14 0.80934712751479453985
A 10 14 0.093818385959994213263
A 11 14 -0.077980044571944504006
A 12 14 0.048017780532471167343
A 13 14 0.6984894159662051738
A 15 14 0.24082077998946208042
A 16 14 0.42033873272071836658
A 17 14 -0.13093829169062376483
A 18 14 0.95475643520387931673
A 19 14 0.63378730453256726385
A 20 14 0.54658086072777489761
A 21 14 0.8805317235443066437
M 15 0.31039247035958772436
A 0 15 13.328389932611342417
A 1 15 -6.7962169469092099661
A 2 15 -16.545816406580890146
A 3 15 16.038891321128474488
A 4 15 -3.5658513913669187545
A 5 15 20.643251566378495454
A 6 15 16.401068533715623232
A 7 15 -13.963172373916981073
A 8 15 -1.6025231962898107696
A 9 15 -17.189993045433787699
A 10 15 -1.2029229233063305493
A 11 15 0.6800640179454280343
A 12 15 -3.1554920053101693789
A 13 15 -22.324454164634140341
A 14 15 -16.324263565224985228
A 16 15 -11.659157867287404997
A 17 15 6.6625295624782303605
A 18 15 -23.136641331043154679
A 19 15 -20.070294150364606622
A 20 15 -14.674589941350101086
A 21 15 -21.686448012049808654
M 16 -0.34757466786891810795
A 0 16 -1.7099835284532316493
A 1 16 -0.48728364923308209455
A 2 16 2.3540647720886918037
A 3 16 -2.2728891964713913154
A 4 16 -0.42720498230510339788
A 5 16 -3.6280178580941466748
A 6 16 -2.8663591779085768607
A 7 16 3.1162194159092861945
A 8 16 1.552292041881425444
A 9 16 1.1723237423313515038
A 10 16 -0.16966835022406612232
A 11 16 -0.0051152993537574298344
A 12 16 -0.66514468518820812903
A 13 16 5.4795337549372336028
A 14 16 1.1019900325682572273
A 15 16 -0.43909656728232471234
A 17 16 -1.7718416320388552521
A 18 16 3.6045150162497296975
A 19 16 4.4389867919542771446
A 20 16 2.8058225266254264163
A 21 16 4.9724243116349757798
M 17 -0.19908965534882244741
A 0 17 25.505481863689077215
A 1 17 -19.21878842355370054
A 2 17 -15.991221833337251113
A 3 17 26.405933383309832863
A 4 17 -9.3927251821981787572
A 5 17 14.819351806044659625
A 6 17 16.586592406980802394
A 7 17 -13.186633348098178331
A 8 17 9.6138705563854340852
A 9 17 -39.929577535350524897
A 10 17 -7.5179363161580363695
A 11 17 -0.46754279263961950885
A 12 17 -28.720897761602341092
A 13 17 -12.573174537622564984
A 14 17 -27.748614318054020345
A 15 17 -2.6408439579655449414
A 16 17 15.298648234985707361
A 18 17 -28.124233997185999812
A 19 17 -13.340643317219560871
A 20 17 -11.840173325468414944
A 21 17 -5.9916079330867413333
M 18 0.32625833894390832146
A 0 18 0.9936861500784832657
A 1 18 -1.3771069609435293568
A 2 18 -0.9486866648402603186
A 3 18 2.3197982118589806078
A 4 18 -0.63484929306834259055
A 5 18 0.93675852138015303083
A 6 18 0.75618583345770029602
A 7 18 -1.3963916933736049142
A 8 18 0.0039642142084519438328
A 9 18 -3.4086439582995655684
A 10 18 -0.76935367963241318989
A 11 18 0.39745655436668253513
A 12 18 -1.7966026460792479114
A 13 18 -1.6529761955160044984
A 14 18 -0.99203983524162397956
A 15 18 0.43046080770080497047
A 16 18 1.5713889381633912024
A 17 18 0.12757644659200281789
A 19 18 -0.93796144696280125963
A 20 18 -1.1663342273623722445
A 21 18 -0.92637401100942817767
M 19 3.0426306694668467934
A 0 19 0.54772563023265474769
A 1 19 -1.2612600541376530749
A 2 19 -0.80787205032887654532
A 3 19 0.49090302863137402767
A 4 19 0.62753750270432706593
A 5 19 0.3445577309358585083
A 6 19 -0.61070297138601170595
A 7 19 -0.22006612952606152689
A 8 19 0.6890235227022003528
A 9 19 -0.29922215859000456106
A 10 19 -0.037588335181158560871
A 11 19 -0.82626563509274253416
A 12 19 0.20005155699640209122
A 13 19 -0.56821564333754048803
A 14 19 -0.16897009547616659297
A 15 19 -0.049642152198973832355
A 16 19 -0.64805651703006317277
A 17 19 1.4831190075777511694
A 18 19 -1.7257258962750008369
A 20 19 -0.72093199571871391385
A 21 19 -1.3597138079821116108
M 20 2.9499466031365964014
A 0 20 -1.5695968707931409192
A 1 20 0.35053274433728165427
A 2 20 1.7901437968999074357
A 3 20 0.45031435509167172526
A 4 20 1.6750810875133681499
A 5 20 -1.5909736700617007621
A 6 20 -2.4340684133751087082
A 7 20 -1.2075214033768024713
A 8 20 -0.78042216664295793738
A 9 20 0.62913369843940636361
A 10 20 0.36000878777808031916
A 11 20 -0.35582705243499435088
A 12 20 1.2728630765629720401
A 13 20 -1.9814655604922424281
A 14 20 3.8029152664250274185
A 15 20 0.75169942443570569868
A 16 20 -0.83543489646295443496
A 17 20 1.3883397372925383451
A 18 20 0.14135372362245268718
A 19 20 1.2685147869527493292
A 21 20 -0.48983742991893697294
M 21 -17819.49352284293127
A 0 21 3.5295929221950363974
A 1 21 -2.7780466434894193206
A 2 21 -3.6085353526501964261
A 3 21 1.0058754371284068796
A 4 21 -2.2361245382119032676
A 5 21 1.8287336281621207057
A 6 21 2.3436262237606815262
A 7 21 1.0899285883481453219
A 8 21 1.994373378951914022
A 9 21 -2.7522337153082463423
A 10 21 -1.0379441367124702111
A 11 21 0.30496345179847339502
A 12 21 -2.8580131690399399602
A 13 21 2.0046913694121197835
A 14 21 -6.5568448828147367635
A 15 21 -1.0276112305654145906
A 16 21 0.4028940674517318965
A 17 21 0.0030125945634754680569
A 18 21 -1.4460639269030148846
A 19 21 -0.9978283169011559206
A 20 21 -0.70342786932151724066
SOLUTION
-85104.432589087475208  122404.31163290857512  52545.750885364584974  58738.471249844333215  67556.876561746452353  120582.08888796456449 -25754.709998815589643  -38341.75999988415424 -100601.33490496512968 -76948.735435956303263  87244.629346265370259  77646.727848275288125  78959.673851877189009 -74615.814672673150199 -100761.21435501407541 -29577.612651541217929  36367.246195510131656   109364.5166392756073 -34196.821423478992074  60861.323184839675378  90879.090529574095854 -62895.558215326702339
 66983.776124337935471 -96341.825030266554677 -41357.992778666870436 -46230.479116268565122  -53173.07537442791363 -94909.608526533003896  20270.413951732127316  30178.047789283260499  79180.647563355669263  60562.236921801159042 -68668.535802596234134 -61116.554666570744303 -62148.306986552823219  58729.145398107502842  79306.900547290540999  23279.474485383259889 -28624.480766950706311 -86076.671098797422019  26915.208508417628764 -47899.093233497267647 -71531.072045775028528  49503.384169815253699
 87008.733850556513062 -125142.07334198475291 -53722.947083256789483 -60051.893253608213854 -69067.354718263013638  -123279.2299154096836  26329.925531176420918  39199.073195127639337   102852.7940004645061  78669.077153070873464 -89195.414509219350293 -79382.709248363928054 -80727.778533154691104  76285.905749798461329   103017.0557478510018  30239.188078611434321 -37181.095124534294882  -111814.1525084607274  34962.075012942194007 -62224.494079056188639 -92911.133772076354944  64302.272343499906128
-24252.174110238243884  34884.454274136434833  14973.839579605886684  16738.957650993317657  19253.094717027499428  34365.973280098070973 -7339.9470262401146101 -10927.342246844931651 -28667.857372262027638 -21927.099245248682564   24864.03697539177665  22130.522653452851955  22500.986658863392222 -21264.242038248739846  -28713.05533423045199 -8429.5252507218210667  10365.617879641207765  31163.069359720288048 -9744.4043156324678421  17339.677961279390729  25901.681321898733586 -17924.190836696448969
 53917.133090471688774 -77547.006213334709173 -33290.684881199747906 -37212.328128133471182 -42798.572734564710117 -76393.569181588842184  16316.523337957320109  24289.294204322897713  63735.049323673883919  48747.824343876527564 -55270.810824442007288 -49189.770801797691092 -50024.977986452351615  47272.904354085985688  63836.621951359353261  18738.194433173346624 -23040.158984091580351 -69288.627852964549675  21664.595571506477427 -38559.284797736516339 -57573.176697008449992  39846.606724937148101
 -44094.91594089098362  63418.926571029151091   27226.25249237281605  30434.527883040922461  35001.715654380219348  62473.845146212785039 -13343.551426619958875 -19865.158591026924114 -52125.591114147748158 -39871.090823789403657  45202.374772186827613  40228.061373183474643   40911.55989993550611 -38659.941601792954316  -52208.23545253786142 -15324.023995792382266  18841.262148737765528  56668.201906375288672 -17718.458443649684341  31538.357694795351563  47083.489419147728768 -32587.107042039962835
-56509.106702559016412  81274.236220516715548  34890.724750959889207  39003.118475892653805  44856.046875283136615  80062.699150257394649  -17100.71279531748587 -25457.796846005127009 -66800.707633812533459 -51095.771493765176274  57928.350964674689749  51552.540024556772551  52429.190538776325411 -49544.308231371374859 -66906.097382898253272 -19638.994036420517659   24146.29838875313726  72622.321242388934479 -22706.716999866515835  40417.555562225490576  60339.005710565266781 -41762.232314268301707
-26280.485901127583929  37795.724557767978695  16227.582136952980363  18138.151047723527881  20858.985589578162035  37232.406893385581498 -7951.6136343961688908  -11839.69327759476073 -31066.038078642533947 -23762.749177281213633  26939.855865005945816  23974.957101426247391  24384.167095482102013 -23041.235149609623477 -31115.820095636743645  -9133.055374101140842  11228.944163600668617  33775.353014901171264 -10560.697663873837882  18797.302350642778038  28061.080924859867082 -19421.975420431113889
-48088.090082183465711  69162.399210229414166  29691.531327202243119  33190.195099873875733  38171.961968902665831  68133.038599826541031 -14551.995711858371578 -21665.052088169399212 -56843.644598457758548  -43481.14789149488206  49297.441423944910639   43874.94546041063586  44616.461085672417539 -42160.442235490394523 -56934.739641531727102 -16711.823095835305139  20548.005503081658389  61796.151295485957235 -19323.134086948823096   34389.75816836746526  51350.949361677288834 -35538.723508364004374
 66360.207918321655598 -95446.587349551555235 -40972.753547640139004 -45801.700950227175781 -52678.608362229868362 -94026.278989523591008   20082.64941661069679   29897.14102158067908   78443.17732157096907  60000.192546869147918  -68030.41406929542427 -60547.863621063195751 -61569.161381022262503  58182.171091636722849  78568.109187176960404  23063.669161528672703 -28358.904121599982318 -85275.248850240852335    26663.8089042736392 -47452.958982175732672 -70865.591399007666041  49043.410863285229425
 25026.061327947209065 -35995.496880663813499 -15451.955318570962845 -17272.614967262925347 -19866.173243198471027 -35459.637258760587429  7573.4848250044997258  11274.991671791351109  29583.518227425094665  22627.213718051305477 -25655.452533115032566   -22833.0316261988919 -23219.438676989513624  21942.290252788276121  29630.412689346478146  8698.4395764144646819 -10695.078970268223202 -32160.685105569369625  10055.870002379184371  -17896.40031333197112 -26725.029970838386362  18495.638821220662066
-7351.7817042589813354   10575.65436190073342  4540.1430650742868238   5074.887706727738987  5836.0916737522447875  10418.361098120691167 -2224.7828180885330767 -3312.2388662596240465 -8691.2446124546295323 -6646.4836448234000272  7537.2883648729430206  6708.1354977965938815  6822.5018538508466008  -6446.730347388737755 -8704.8828626180056744 -2555.9543864116767509  3143.6466306286611143  9449.0911238824792235  -2953.943343708982411  5257.2994579280757534  7851.4743468840106289    -5434.2942540267195
 68909.905170130849001 -99113.574569415330188 -42546.718939067533938 -47562.166112307124422 -54702.177877395173709 -97637.375104518592707  20854.051129252678948  31046.492641482509498  81458.229105196791352   62307.07495754116826 -70644.226211182540283 -62872.095032766243094 -63934.594156889776059  60417.283715259516612  81587.540897755650803  23950.552171854687913 -29447.745462150189269 -88553.973450431760284  27689.231191905790183 -49279.222665422894352 -73587.414556801362778   50928.34715390700876
-48336.761363808647729  69518.057277545143734  29846.067405966205115  33361.970194952693419  38367.099853644976974  68482.612129094442935 -14626.148569454129756 -21775.898026333903545 -57138.489490497850056 -43706.471039095318702   49550.27010819240968  44097.808618198418117  44848.349289634243178 -42378.597904286856647 -57229.578849168676243  -16798.33397346741549  20653.492750125882594  62120.141508180095116   -19423.4965595314643  34571.584722713843803  51613.084964120855147  -35722.58487253839121
 158098.35377196050831 -227386.60027394676581 -97615.555839194814325 -109115.94589275382168 -125497.35387447137327 -224003.42959077481646  47843.601513528221403  71224.263590043992735  186886.10447446891339  142943.99009496057988 -162070.38872660335619 -144239.90607823725441 -146684.84601704525994  138614.55280254193349  187184.38126275554532  54945.127619093196699 -67558.794898014399223 -203168.71988541737664  63526.910506930900738 -113063.86110287155316 -168821.41259182538488  116839.65491960302461
 24778.599078046208888 -35636.423016986213042 -15298.690115490902826 -17101.084325569052453 -19668.520899660994473 -35106.238288455526344  7498.8282868951710043  11162.261611496465775   29289.56833048828048  22403.381438738681027 -25400.185108307487099 -22605.411461833147769 -22988.973871961588884  21724.555326279270957  29337.154401601230347  8610.8617624314319983 -10587.163938463841987 -31841.480528127023717  9956.5016756413915573  -17720.83423294437307 -26457.811823048174119  18311.511667061058688
 -9714.140013032087154  13971.103708480313799  5997.4711038847217424  6705.1523014649692414  7710.4794913776222529   13761.64403499427317 -2939.6140883517118709 -4376.1695958863001579 -11483.572651775970371 -8784.6357754083510372  9957.3661138747484074  8860.2835172317791148  9012.3213899453457998 -8516.4346522394316708 -11501.250603436817983 -3376.3373739725279847  4149.8267477308572779  12485.405083461773756 -3902.9058670390322732  6949.2500220908468691  10371.681405513523714 -7179.3682253479792053
 -72.36536229321495739  105.39069842024956358  44.946714650418428505  48.784446555518364619  58.519738198607100799  104.93232197397145455  -21.67264454386904049 -34.343600039349880149 -84.936728668777178086 -64.383946124271517419  76.183834036573657045  70.555413807346681665  67.036032496820354254  -64.01880557125265625 -85.137402949264952667 -25.642450725130665035  32.133964055827860307  90.087415287281146448 -29.335125947720371187  47.465468747949280726  81.667024039291092663 -53.682909310802934044
  34868.69659616840363 -50147.961916248437774 -21528.989648186870909 -24064.917633599859982 -27677.944258313669707 -49401.513649818283739  10551.246162706436735  15709.751207144272485   41216.80075060492527  31528.178700002597907 -35745.127465683137416 -31813.569326273383922 -32350.636921288965823  30570.026975922144629  41283.027474417540361  12117.445256291857731 -14898.288053008633142 -44807.414348626989522   14011.76468648046648 -24936.028160791218397 -37234.378364631542354  25768.126779065089067
 24059.171385701793042 -34602.720329503870744 -14855.501112652122174 -16605.158628821031016 -19096.622674234578881 -34087.314032137532195  7280.4183489135593845  10837.831022182654124  28439.871181295944552  21753.016323708416166 -24662.521968618206301 -21948.278022733404214 -22322.699655072148744  21094.349682471980486  28485.175495682877226  8362.0063148782301141 -10281.480672577152291 -30919.822465776811441  9667.2852847671983909 -17207.533088224485255 -25689.405038666795008  17780.795229929412017
 16960.485703921898676  -24393.44620288117585 -10472.284670626366278 -11707.425370441245832 -13462.555461388363256 -24027.992431003396632  5131.8291940422423068  7641.7143093076001605  20050.897569333545107  15338.082442866254496 -17386.770004807898658 -15471.609085958012656 -15736.287297958053387  14869.737164830901747  20081.883360138515854  5894.8173837181384442 -7246.4941870715983896 -21799.797340284610982  6815.7850747387947195 -12133.431371770537226 -18109.660617002813524  12534.728361161980501
-24110.455267643596017  34680.404108622205968  14886.575506059984036  16641.050562035274197  19140.573169519109797  34165.202083520118322 -7296.5574927548486812 -10862.896512748391615 -28501.362477475478954  -21798.44889669451004  24718.144536142528523  22000.026374042005045  22370.529473291237082 -21140.124729583596491 -28545.888524434049032 -8380.4753439251398959  10305.508920802669309  30983.087122008033475  -9688.168077783069748  17239.806815847055987  25749.065900781341043  -17819.49352284293127

