System matrix
  0.234598          0          0  -0.621721   0.984131
   1.02674          0          0   0.231899   0.231423
 0.0783681          0          0  -0.358589    0.53703
         0  -0.444887          0  -0.976327   0.938727
         0   -1.55205          0    -1.0794  0.0635231
         0  -0.123651          0   0.738077   -1.13236
         0          0  -0.968637  -0.978182   0.938489
         0          0  -0.592008  -0.300546   0.163248
         0          0 -0.0932293  0.0355903 -0.0887398
solution
 0.261512
 0.447425
 0.206901
-0.671994
-0.486866
-0.273351 -0.955041  0.114784  0.057437
-0.954231  0.254178 -0.157599 0.0629197
 0.121338  -0.15261 -0.980809 -0.996364
